162
132
149
149
157
76
113
149
148
60
84
115
88
135
83
80
154
33
162
37
160
138
81
107
162
191
132
166
147
4
158
149
188
158
68
7
29
69
30
166
93
106
63
65
147
29
69
88
66
168
162
158
191
158
158
53
122
130
128
72
136
83
115
148
71
115
131
100
28
18
88
137
51
136
168
1
147
60
89
174
88
18
105
142
130
88
153
100
192
96
51
146
100
96
135
193
68
88
152
83
118
157
28
71
110
48
38
130
183
162
84
149
186
33
162
154
45
61
9
77
145
145
56
174
158
29
166
6
149
153
109
70
155
37
137
148
162
88
68
131
138
76
59
69
174
154
59
60
130
71
81
136
148
126
29
71
82
160
18
83
153
45
45
158
38
10
37
71
72
88
11
160
147
25
152
126
72
88
88
123
72
60
29
136
136
97
110
158
158
148
158
18
38
126
162
103
85
28
76
160
162
126
153
159
28
100
68
148
87
136
158
158
68
93
172
130
140
88
76
5
145
193
131
166
149
137
115
88
148
112
73
10
158
158
110
37
121
72
11
153
144
123
48
186
38
135
136
110
2
191
135
71
183
188
29
147
140
166
71
38
115
101
161
130
145
96
117
100
149
131
68
166
158
117
48
136
158
131
155
147
121
164
51
137
160
126
148
131
128
73
102
190
147
19
126
71
131
70
100
96
105
136
174
146
97
69
126
102
158
106
30
66
158
3
72
158
72
91
190
29
162
88
158
119
183
37
67
113
5
37
88
153
18
117
70
88
160
193
160
185
100
136
160
142
58
144
2
76
131
88
68
76
128
132
78
131
48
68
68
27
38
157
138
171
155
131
147
174
147
131
113
140
110
147
20
131
162
95
85
126
119
171
88
38
31
6
196
131
137
131
151
121
162
101
130
149
160
81
15
149
158
119
158
87
131
126
106
117
137
166
132
162
122
145
139
149
97
91
5
23
149
138
34
158
128
100
147
137
149
162
177
89
136
29
131
146
136
157
30
131
158
52
104
119
91
190
88
144
22
23
42
132
60
147
76
113
125
11
158
145
65
149
160
151
168
158
144
158
38
122
48
38
38
132
126
65
136
142
147
30
147
149
193
72
162
72
158
68
146
123
131
30
88
85
29
159
7
68
119
112
87
158
75
33
112
132
88
158
135
29
106
192
70
18
140
29
122
38
37
115
128
132
193
117
144
72
174
160
147
153
71
29
29
30
154
119
108
150
131
158
181
37
23
65
85
115
160
81
154
117
168
71
97
125
68
115
158
47
158
81
137
149
193
60
115
121
147
124
88
122
158
137
71
88
47
137
136
138
132
136
66
137
166
88
60
128
149
92
88
60
136
88
131
148
2
166
71
169
136
76
81
160
136
95
157
63
30
166
42
192
145
38
100
110
21
158
51
59
117
159
100
131
83
132
196
5
38
117
96
153
153
113
122
88
42
29
70
29
144
70
88
70
115
191
10
38
110
131
158
111
88
149
136
174
149
137
145
102
162
189
88
115
13
157
83
102
159
166
71
119
146
102
136
23
126
95
71
91
38
103
68
115
189
1
144
30
59
21
157
83
115
21
117
152
88
65
97
83
144
96
103
193
15
159
138
88
137
21
21
181
6
176
88
126
85
95
34
196
111
135
140
38
29
154
157
46
35
138
80
95
157
33
151
85
88
5
23
104
23
136
126
30
149
68
88
81
57
21
122
8
34
132
174
71
158
166
158
23
149
97
131
155
72
196
193
142
149
122
48
85
137
137
146
21
83
132
160
15
146
113
131
23
18
131
130
140
188
149
18
104
147
181
5
166
88
68
186
194
76
158
151
88
192
151
65
15
149
130
160
85
95
69
88
193
123
158
146
135
136
88
138
55
115
153
95
6
83
128
149
59
122
72
162
112
188
162
119
137
115
160
27
172
94
131
103
132
95
47
162
122
72
147
146
147
149
158
70
111
83
149
68
70
174
113
88
35
100
88
128
193
171
158
149
76
142
117
153
88
158
162
37
88
38
137
158
88
183
147
142
88
17
136
60
88
166
167
157
163
12
57
28
89
131
136
161
185
160
76
66
70
71
158
158
149
51
71
141
88
147
31
189
130
160
123
85
88
60
22
29
168
95
148
88
132
131
147
131
160
181
128
68
109
191
128
126
149
131
158
126
32
91
59
75
88
193
72
97
37
174
110
162
56
149
126
149
149
30
97
95
29
162
160
56
68
76
126
190
37
11
29
158
166
132
155
72
76
137
166
189
105
130
38
193
83
165
104
100
158
122
85
38
153
163
160
84
140
140
115
126
23
149
18
88
132
70
83
88
5
158
38
153
73
177
145
194
100
97
131
68
140
33
147
112
183
38
46
38
71
158
136
160
152
72
110
117
149
82
137
171
104
27
179
63
113
119
122
85
149
72
39
123
129
83
192
149
27
152
131
193
158
63
69
137
132
11
153
195
110
169
171
78
22
17
88
147
103
104
157
166
135
70
135
115
27
191
158
158
21
88
162
154
29
140
81
15
88
113
126
97
155
57
132
138
157
100
149
147
110
100
59
68
149
83
131
131
162
162
136
39
95
158
72
131
186
130
158
135
158
158
113
190
59
100
169
131
110
74
149
29
124
142
130
85
158
131
149
177
132
48
128
28
128
52
158
88
88
1
9
39
140
88
158
138
47
151
153
29
136
145
152
147
23
75
162
68
162
146
105
110
76
88
88
188
162
149
96
145
115
1
135
136
158
56
72
149
70
71
145
158
39
138
122
136
104
149
147
149
18
193
97
145
144
59
146
30
111
21
72
76
186
110
18
9
122
69
128
56
196
28
88
126
93
83
5
110
100
69
53
60
147
48
131
128
37
57
81
85
136
158
123
32
160
38
158
69
21
158
5
88
144
147
68
109
132
88
128
132
88
174
109
38
158
149
126
123
104
151
88
43
88
63
104
132
163
136
110
28
128
85
91
76
88
181
69
76
112
126
104
96
149
25
128
161
29
78
146
162
92
88
68
21
162
136
88
100
153
158
158
88
25
140
145
166
18
85
146
38
177
73
132
191
161
135
146
177
18
68
55
126
88
37
100
38
147
137
169
157
122
60
132
113
75
113
27
88
175
12
60
148
145
136
110
188
155
158
137
18
88
132
38
123
81
23
126
155
6
23
80
83
159
177
142
135
96
128
115
111
144
162
120
5
149
111
131
136
4
158
93
38
22
131
177
88
160
131
149
129
70
130
159
93
88
28
68
37
29
88
38
132
30
45
162
70
149
137
157
194
38
137
114
5
88
166
94
158
68
163
88
48
93
113
48
96
76
96
131
110
88
72
128
1
113
97
162
158
88
158
190
153
102
136
115
2
183
158
193
100
136
18
153
81
115
190
27
115
66
149
100
126
131
193
149
103
38
147
192
121
71
149
151
158
6
174
122
147
162
117
38
149
136
177
115
149
162
76
193
168
146
68
166
151
193
159
190
168
88
65
135
140
171
29
70
85
172
138
146
132
146
131
149
135
144
136
70
149
166
111
48
161
147
136
78
68
88
144
22
131
162
126
88
125
158
188
158
160
28
149
162
48
126
188
37
147
157
111
53
38
162
157
130
147
163
85
88
71
96
126
169
131
136
65
45
169
112
149
160
88
148
81
131
150
153
148
148
152
149
158
149
122
158
78
132
117
137
137
68
17
68
135
56
60
38
138
29
85
80
147
5
160
155
37
130
9
131
149
138
88
27
2
89
142
68
131
109
136
145
68
144
166
72
138
137
93
38
102
174
88
47
77
132
149
192
183
72
137
146
34
162
30
57
70
149
93
158
143
30
88
88
38
136
177
132
55
149
149
149
136
122
72
88
137
105
136
157
76
88
138
126
132
70
166
152
45
112
88
37
147
88
126
113
21
88
38
72
75
96
23
122
66
76
131
148
158
132
171
38
158
153
193
38
135
137
142
136
124
196
166
149
110
93
37
105
131
115
123
68
192
88
70
93
125
131
149
155
65
6
136
157
76
117
30
104
149
81
70
162
88
14
68
157
149
162
171
73
5
159
146
196
136
158
100
27
91
158
136
21
149
130
157
38
186
4
158
126
27
56
145
68
57
188
148
1
128
158
149
158
158
5
70
15
147
158
153
29
5
137
157
137
88
88
11
128
157
52
93
195
58
161
38
136
29
148
102
126
83
126
58
128
88
9
188
142
96
138
144
85
115
192
88
70
49
137
137
124
81
115
146
71
158
126
149
88
158
6
152
166
136
153
81
76
68
128
145
117
192
63
148
115
83
192
140
94
81
15
148
68
124
88
177
128
131
160
88
48
29
161
100
76
88
91
60
131
81
174
68
149
29
158
71
131
5
88
169
117
68
122
88
1
104
60
137
157
5
106
149
123
153
148
23
111
70
142
5
82
131
158
110
88
132
158
115
147
5
65
88
1
85
63
106
88
38
5
136
121
72
142
65
140
158
149
113
137
145
37
21
5
122
158
37
158
81
118
71
5
130
70
136
137
27
95
75
149
80
138
147
69
38
106
161
76
135
85
71
131
153
192
162
113
52
132
186
40
119
129
71
166
196
68
149
166
6
138
131
110
158
183
90
174
128
124
29
89
81
23
9
57
111
149
146
30
132
160
96
75
73
149
107
165
159
111
158
123
71
110
147
88
76
148
158
128
88
115
136
122
23
10
149
136
174
119
105
149
65
183
5
111
166
85
66
158
143
121
157
146
126
121
94
112
195
147
137
123
129
118
174
114
174
126
37
131
88
88
131
153
96
97
80
141
83
131
130
92
73
56
144
130
18
21
67
158
9
47
88
149
149
37
38
160
38
97
38
27
112
29
117
46
195
131
158
128
15
124
152
88
126
162
149
136
162
71
137
122
166
73
149
126
149
132
140
159
142
142
37
37
68
126
113
76
144
149
70
192
71
21
91
72
193
131
85
158
83
148
193
88
76
190
128
66
88
153
157
153
118
78
162
153
88
151
68
9
21
70
137
163
149
100
104
169
100
77
158
104
138
110
146
5
157
149
145
132
88
37
149
88
136
88
1
29
97
93
122
68
5
152
136
119
135
88
113
131
37
9
88
38
153
88
37
73
192
144
174
93
158
91
38
96
160
148
128
136
69
166
138
131
149
96
119
157
122
158
29
158
29
126
63
162
1
80
71
158
160
29
153
155
155
117
158
126
106
70
15
45
59
93
119
21
66
96
105
137
193
48
78
52
162
140
71
183
88
131
18
21
95
195
70
9
122
122
5
98
123
93
97
164
76
122
161
117
38
131
137
132
96
88
168
82
113
38
149
88
126
117
149
138
88
115
154
158
128
147
82
80
69
147
83
129
188
136
155
88
66
166
91
123
136
80
175
122
145
38
143
48
131
195
27
132
146
5
138
177
110
158
126
160
38
158
193
122
63
188
137
76
126
83
37
105
158
174
38
23
88
15
147
131
29
68
132
126
135
97
131
149
88
153
85
149
37
137
91
88
88
8
75
83
17
68
103
122
76
23
104
126
63
37
93
117
158
149
136
162
23
148
88
147
161
132
21
123
121
158
132
157
128
88
158
149
149
63
43
155
147
158
88
88
110
149
65
6
75
149
88
111
186
80
162
60
132
119
144
146
60
83
5
137
68
144
162
83
164
110
158
70
83
140
193
146
70
135
52
158
65
119
88
119
6
166
18
38
142
149
57
8
68
38
158
57
122
83
149
115
147
137
185
42
111
162
4
140
83
72
104
151
146
97
149
131
38
131
88
43
184
97
110
149
37
157
142
122
76
186
93
183
113
162
95
68
123
138
166
128
56
132
193
88
34
96
29
149
60
30
119
88
155
169
70
174
152
115
158
48
4
125
120
110
44
148
131
137
166
148
144
100
59
113
88
175
41
38
192
138
88
177
174
82
6
132
183
145
110
113
67
1
147
4
111
131
88
91
136
155
135
158
158
104
96
88
131
37
21
149
113
193
148
80
76
149
120
104
106
149
143
83
21
155
88
70
88
149
97
162
28
70
46
39
38
109
149
128
149
87
138
21
146
95
147
149
70
180
158
15
100
177
131
152
1
153
158
122
21
122
123
149
169
76
131
194
83
128
139
81
46
128
80
158
149
122
69
142
115
38
74
93
135
135
12
58
166
162
159
38
91
174
150
93
195
88
191
136
68
154
37
47
38
104
6
126
67
102
95
128
171
119
160
128
130
157
136
112
158
38
149
111
76
100
123
158
5
71
21
172
152
88
162
147
193
88
71
153
78
126
104
83
88
158
132
193
174
169
88
104
126
145
72
148
59
126
71
104
83
100
149
136
149
162
158
149
30
76
149
66
147
38
128
96
185
131
162
155
132
88
38
29
88
21
162
180
115
153
166
131
117
158
117
132
38
162
137
38
110
122
132
95
123
154
138
183
60
83
162
83
48
88
149
157
88
110
137
125
59
115
190
89
12
149
146
158
45
136
128
97
181
78
100
149
137
150
115
30
22
131
149
150
174
158
110
117
115
153
71
166
88
152
160
45
2
158
29
160
29
146
88
56
158
126
155
57
126
65
176
131
189
151
131
131
140
117
128
138
68
37
97
96
56
71
136
125
147
158
117
149
21
162
100
117
138
77
193
131
131
21
137
126
88
149
136
158
190
93
38
148
159
155
126
152
110
97
115
105
179
35
128
111
105
130
71
100
160
137
149
132
22
149
161
38
174
146
131
63
44
166
166
117
81
149
131
2
158
149
29
174
136
15
157
166
136
191
88
181
71
149
136
122
160
87
174
16
9
93
88
142
17
138
151
149
88
166
162
153
153
106
88
80
97
93
122
125
131
185
144
60
158
128
126
69
124
144
72
83
27
144
137
157
132
23
128
28
93
148
131
128
137
162
12
161
144
83
88
85
29
158
149
77
89
30
38
115
176
71
97
82
149
149
29
106
158
88
166
103
113
113
104
70
45
88
88
6
131
23
38
104
130
48
122
171
88
166
97
128
14
97
111
153
146
95
88
97
160
91
5
164
136
166
160
113
97
140
88
71
147
5
138
136
115
1
115
37
47
144
88
117
131
76
104
28
88
29
58
110
76
131
137
15
60
88
18
39
99
136
126
191
29
157
163
17
148
141
130
162
109
192
131
144
38
68
158
128
110
158
122
15
88
42
104
68
88
23
70
23
88
68
157
136
72
88
72
80
196
162
149
55
18
47
136
160
66
158
113
136
171
160
72
5
115
5
157
30
83
194
137
132
192
157
128
146
158
158
97
148
88
149
154
115
146
97
76
121
192
27
38
126
76
111
149
142
85
149
75
80
65
72
60
162
97
127
15
48
119
100
158
71
158
115
142
57
126
38
88
177
81
72
158
149
177
131
162
69
29
117
32
130
8
48
149
38
16
1
85
158
83
137
149
160
135
166
149
95
163
76
76
145
153
137
38
172
158
166
136
21
126
111
158
155
166
21
158
137
104
123
109
80
149
99
21
15
137
184
108
138
157
115
121
128
88
131
137
158
113
88
23
161
38
122
23
56
191
158
88
80
136
32
5
160
83
162
90
76
29
136
164
109
117
160
148
29
140
191
83
165
149
136
16
110
160
145
158
158
126
104
147
186
191
166
126
116
21
88
111
137
72
137
9
70
72
97
114
149
136
54
149
2
162
137
162
76
2
121
113
38
158
111
149
70
65
142
132
162
113
196
191
158
138
88
183
83
147
88
48
192
162
149
38
149
88
158
48
121
29
23
131
71
152
174
131
77
136
149
38
186
158
96
72
158
71
136
137
132
131
76
85
158
115
128
51
131
128
131
8
90
149
38
149
131
128
128
59
23
88
147
69
72
11
149
16
81
17
153
158
115
192
63
160
149
138
111
76
136
82
28
149
110
149
71
56
97
126
6
166
110
126
174
148
148
131
29
158
128
97
119
119
83
102
5
196
23
117
110
110
149
72
88
162
148
130
96
138
122
54
51
38
154
115
9
130
149
33
161
115
190
33
142
66
131
149
128
71
149
168
76
163
188
22
147
157
100
135
151
123
158
30
70
122
149
68
111
104
83
5
136
144
193
69
57
11
157
123
149
149
126
152
144
158
166
88
111
83
162
81
58
168
38
115
83
72
174
192
149
48
136
132
140
140
149
166
158
65
88
115
147
131
124
149
122
5
88
1
72
71
147
122
196
121
126
2
130
38
145
149
21
88
23
149
87
138
115
88
160
97
136
153
83
158
132
81
119
132
162
110
139
15
154
89
112
106
110
166
132
70
137
142
131
51
88
76
100
88
136
28
189
97
38
108
146
123
29
158
148
162
66
135
130
138
69
32
72
48
149
131
158
136
152
72
165
65
136
157
110
15
80
140
155
158
38
149
104
88
47
136
122
9
126
158
131
126
21
72
149
73
28
9
8
97
142
46
149
160
157
105
136
128
186
71
29
131
104
174
9
48
85
172
160
131
38
55
177
142
149
192
115
149
124
157
30
132
110
193
105
68
122
149
95
115
110
135
136
78
115
73
131
100
38
131
196
166
15
71
157
131
72
71
162
5
174
136
98
166
149
88
135
113
149
126
60
158
111
88
117
88
122
83
193
88
88
122
88
68
76
115
37
131
149
157
158
160
72
147
132
142
166
157
52
191
128
158
73
142
88
191
159
174
171
137
18
166
115
80
88
60
128
128
126
140
19
77
104
147
151
68
5
162
38
38
104
153
66
18
88
71
83
126
113
85
176
174
108
136
73
47
2
122
147
129
157
88
122
162
183
162
63
136
115
18
173
38
115
136
166
69
104
136
37
11
104
83
83
93
162
131
117
88
97
137
158
100
157
138
38
38
175
129
71
46
135
91
88
88
158
123
88
37
158
97
146
95
177
117
104
59
38
29
153
115
158
68
146
142
38
60
88
147
111
78
162
171
122
158
171
131
171
188
158
48
88
162
147
88
140
115
122
68
147
138
40
158
122
131
155
135
59
105
131
181
122
146
131
85
135
158
83
166
148
115
162
162
131
55
82
122
149
21
72
84
69
119
150
115
95
147
157
158
132
136
83
149
158
135
83
128
162
123
161
135
88
160
75
2
110
88
158
97
37
110
136
88
128
72
88
88
49
171
90
192
68
88
88
100
88
71
71
27
38
174
128
107
130
71
56
121
166
78
60
136
70
164
129
173
40
149
113
18
158
113
158
88
184
148
88
115
190
194
76
133
136
15
97
97
35
104
149
71
128
5
178
122
119
136
69
37
149
160
71
149
77
147
111
48
83
88
83
160
38
149
11
100
60
154
38
83
121
131
158
137
21
146
29
70
15
164
1
68
97
110
60
71
98
45
115
147
136
110
88
163
149
100
159
146
158
135
113
132
15
5
126
194
70
85
95
125
5
76
96
117
38
131
95
115
132
166
37
149
162
119
140
21
23
153
192
149
157
85
88
88
96
37
158
195
119
149
27
123
137
137
193
48
146
149
88
88
93
155
83
38
38
40
89
83
148
88
136
162
71
83
131
70
66
124
37
87
9
27
67
77
117
160
123
30
177
136
157
88
162
30
95
88
71
109
83
9
159
89
158
70
70
135
193
68
88
107
150
70
15
166
88
123
160
131
105
166
177
2
80
31
147
157
162
162
149
38
97
58
158
115
27
144
122
149
23
72
166
74
138
96
191
147
162
106
149
72
171
154
16
81
83
53
171
151
110
121
147
158
77
121
132
158
149
176
80
137
38
118
48
158
146
160
115
157
66
128
147
74
132
149
131
53
149
29
88
17
27
78
126
47
131
145
54
123
160
153
126
83
148
96
83
149
158
131
113
196
88
140
38
73
88
157
148
128
88
192
164
132
96
35
48
158
68
145
85
168
38
148
147
80
76
158
158
158
110
70
117
166
38
159
132
149
153
191
149
115
131
147
111
77
53
177
135
174
160
21
148
145
81
2
80
126
38
12
76
166
56
146
140
104
174
131
161
166
129
126
71
166
158
144
38
135
128
158
5
149
73
151
132
135
131
183
137
117
190
71
69
110
166
68
88
158
132
188
27
162
95
132
149
71
131
158
47
132
166
115
21
58
19
38
122
82
9
153
137
5
29
112
81
126
71
88
125
111
131
158
2
137
70
158
88
71
158
18
30
79
126
88
30
192
121
77
21
73
126
60
157
128
23
119
145
158
88
76
147
148
149
149
147
153
195
97
80
83
192
38
100
136
58
88
96
110
188
38
140
149
149
93
196
171
37
162
158
126
158
181
183
109
157
68
130
58
167
194
162
147
158
8
84
131
112
158
111
48
146
130
23
191
88
144
88
107
144
148
174
147
85
5
158
138
5
29
23
85
27
21
88
104
148
88
158
144
131
162
18
117
74
158
69
162
110
131
122
37
159
29
66
147
153
18
38
38
169
76
131
65
162
191
145
60
158
89
119
149
121
15
136
65
195
171
88
128
72
136
88
153
15
124
148
88
89
164
152
30
162
111
147
96
110
83
172
191
113
70
109
38
88
104
137
63
190
88
136
149
145
68
152
82
149
119
88
149
30
149
158
151
158
35
68
21
124
193
135
123
149
148
5
113
37
7
158
124
88
158
146
83
158
88
88
162
70
137
68
78
23
88
149
75
126
81
38
83
88
192
125
64
93
158
130
115
112
76
158
38
145
96
105
166
128
23
158
8
147
152
80
80
193
27
88
83
147
30
122
40
162
88
177
128
59
38
158
149
181
136
130
23
158
122
144
30
158
152
157
128
95
149
68
122
130
172
136
147
88
123
192
88
125
149
128
158
149
128
88
128
21
88
18
136
136
107
119
195
75
152
131
15
37
70
38
190
146
115
126
158
97
5
193
111
132
149
144
110
157
78
171
136
1
169
60
132
88
29
43
158
157
158
158
88
95
136
75
149
59
162
102
15
158
37
68
111
30
30
88
5
117
5
158
173
35
72
96
142
190
147
48
46
149
131
158
149
162
88
157
97
162
157
191
96
83
132
153
65
142
71
91
192
130
192
153
85
183
106
76
155
38
162
157
137
115
140
149
149
53
109
140
88
149
109
149
131
140
117
88
149
132
183
29
88
48
131
117
53
113
138
160
21
81
97
37
76
138
174
104
131
69
110
115
128
80
89
147
115
149
148
149
128
35
140
158
69
9
72
179
137
158
96
149
153
88
146
119
147
8
5
137
136
83
100
113
56
144
160
191
29
158
158
95
165
83
175
47
166
132
149
70
144
123
128
88
144
119
6
111
38
158
71
22
158
117
131
150
95
131
88
88
5
59
88
193
153
81
158
88
45
192
81
38
158
149
138
158
5
149
63
148
23
195
92
138
131
162
88
96
158
148
149
153
117
38
131
130
149
115
93
128
80
68
115
149
28
147
149
121
92
153
147
147
22
110
122
88
56
140
70
104
163
149
130
17
149
149
158
82
83
145
138
15
193
30
33
71
1
158
96
123
140
115
130
183
21
115
117
119
123
192
72
131
149
149
160
163
72
100
149
78
72
37
143
88
65
104
171
76
137
109
83
88
69
88
23
162
83
147
144
121
80
119
131
88
88
37
149
97
123
88
18
149
88
11
153
100
130
88
68
166
158
81
38
18
152
168
104
149
158
18
71
144
149
88
152
42
149
158
149
154
88
83
71
132
59
157
88
132
196
94
51
158
191
110
105
5
70
100
172
138
156
38
115
155
75
72
126
15
2
110
104
68
131
38
161
60
88
76
123
136
131
15
131
185
99
88
137
153
51
88
18
158
132
136
109
147
158
69
63
183
123
131
131
128
152
149
66
38
68
153
146
38
13
101
136
97
138
128
149
158
158
123
38
131
38
63
160
192
149
80
136
158
72
68
137
5
193
125
88
132
137
121
128
65
29
110
13
147
60
128
88
15
27
70
22
160
122
136
131
128
27
115
77
82
166
140
95
181
152
196
122
68
160
160
111
104
88
144
148
88
158
72
128
76
160
158
196
88
69
149
73
149
88
2
38
137
88
104
88
190
83
136
149
115
193
147
193
68
158
126
140
158
146
158
112
5
158
124
148
149
177
115
88
38
183
77
117
38
135
149
115
22
23
29
166
136
23
115
137
138
131
88
8
149
29
158
128
96
136
157
77
137
88
5
71
83
81
115
100
131
122
43
157
70
136
147
9
149
181
158
69
88
80
144
158
48
35
88
138
18
171
136
131
153
122
93
38
135
70
9
76
166
174
23
76
88
132
38
56
52
151
88
68
160
131
4
132
149
160
195
83
131
153
51
83
101
29
95
149
71
88
113
151
38
191
142
119
149
166
88
8
188
158
38
131
122
132
10
144
88
193
70
149
147
193
83
174
110
112
88
119
88
149
128
117
158
155
137
157
186
136
122
136
149
172
38
158
63
149
170
149
183
186
159
131
37
183
83
65
93
140
111
153
100
53
80
129
131
18
158
126
158
37
158
162
128
70
88
18
137
157
85
21
131
115
160
83
166
38
164
82
131
8
83
131
73
142
155
91
158
119
76
95
131
188
158
46
21
149
53
162
88
104
129
158
68
144
147
52
21
181
72
191
136
149
158
42
97
103
112
136
136
38
83
149
48
153
88
105
158
163
29
136
158
81
187
155
103
15
131
160
23
149
147
158
126
22
38
178
148
88
89
21
149
149
38
148
21
29
29
193
132
119
123
122
137
15
9
37
15
3
138
112
83
83
125
158
71
147
95
27
5
105
147
123
76
88
158
155
81
141
76
128
131
153
90
131
136
53
136
111
30
140
88
88
144
23
59
1
158
146
81
168
166
149
21
122
158
21
132
5
81
123
111
137
145
136
97
119
126
5
88
72
119
131
141
131
96
142
51
115
43
68
136
88
158
142
85
88
188
110
131
109
169
131
65
136
51
196
158
149
135
132
88
48
18
149
85
193
8
158
138
106
131
88
164
132
111
124
131
135
66
130
120
71
118
177
71
38
91
93
129
150
28
132
104
149
193
131
110
117
109
122
91
158
18
138
158
2
196
68
191
63
88
115
74
76
59
38
76
158
174
48
91
123
110
131
68
71
142
70
149
16
112
166
139
169
110
145
126
162
162
38
48
82
133
33
84
132
149
192
193
111
137
117
166
39
157
149
59
11
5
126
162
123
153
68
131
9
81
74
15
43
68
159
145
120
5
104
46
157
146
101
76
95
37
162
82
88
158
68
119
196
149
174
107
193
88
23
130
5
188
147
129
149
149
144
193
166
117
29
138
110
113
149
177
158
190
103
149
70
147
136
37
131
128
83
18
170
153
166
97
147
23
88
96
38
158
15
21
117
71
148
160
47
21
138
128
78
68
123
81
177
157
23
131
119
122
128
68
11
75
55
65
78
136
68
131
100
132
33
28
132
76
149
132
131
72
21
88
114
153
154
65
23
70
149
166
71
153
76
146
107
166
122
153
99
88
38
119
21
88
83
124
149
144
166
158
130
70
149
105
126
80
136
160
173
174
158
144
75
38
59
157
97
131
123
53
88
136
166
23
128
148
84
5
152
47
88
136
163
132
115
149
160
38
120
37
149
126
104
131
71
23
160
136
148
115
166
125
60
110
18
32
158
137
68
96
23
196
38
45
88
147
149
158
131
99
82
111
83
38
136
104
104
21
190
148
174
122
87
154
166
38
162
122
140
131
166
48
136
189
118
65
157
29
111
69
96
149
119
162
162
101
38
135
5
149
37
47
160
160
88
37
136
57
93
27
111
53
128
196
157
158
6
123
117
28
142
83
159
153
146
152
29
147
115
88
145
119
83
30
38
190
146
83
158
76
136
41
128
183
188
83
118
67
5
88
88
176
70
65
154
153
135
123
166
72
144
158
145
77
123
76
158
37
136
131
88
166
117
158
76
83
30
88
23
149
149
126
126
37
38
38
113
131
158
88
70
91
158
104
153
155
76
128
97
149
149
95
100
192
162
113
147
136
149
100
76
83
88
137
177
122
28
128
147
70
23
131
88
88
145
81
88
100
117
125
157
38
96
158
147
71
128
68
88
76
177
100
137
152
164
149
141
160
76
37
165
81
155
3
76
91
5
23
138
142
60
9
80
142
27
166
153
158
80
149
149
148
157
60
137
158
148
149
160
162
57
158
38
183
29
190
68
42
83
17
126
5
83
145
160
15
115
9
104
131
76
129
155
106
115
191
177
100
147
88
84
48
69
90
188
95
88
72
70
68
192
147
10
80
96
126
59
38
60
174
71
48
188
104
85
136
157
159
111
177
88
115
149
138
131
148
149
97
128
126
34
117
191
131
131
88
71
130
29
138
88
192
72
110
158
32
149
22
88
38
97
160
174
110
88
38
80
162
27
6
166
171
149
192
56
157
177
136
76
47
111
117
158
72
115
88
27
132
131
88
60
162
155
151
149
171
21
138
158
144
146
88
162
176
144
88
122
30
113
115
18
4
158
131
100
68
158
88
140
153
37
75
155
91
115
88
160
5
149
71
147
162
29
18
158
88
193
147
188
136
88
144
190
29
38
157
52
138
168
88
71
63
97
88
22
171
144
191
158
71
119
131
153
60
113
91
88
147
110
174
149
157
56
117
68
71
140
45
88
15
109
166
135
177
137
2
111
2
88
88
128
136
85
146
114
112
73
93
117
193
88
68
162
88
144
88
111
96
148
158
164
5
117
142
100
53
192
153
136
71
100
109
95
88
157
136
177
73
158
70
72
88
70
74
162
37
60
157
158
131
166
9
38
5
131
146
67
39
140
72
146
126
164
131
196
5
96
126
93
158
158
72
131
37
164
23
115
104
85
146
37
149
149
132
162
100
38
132
128
149
88
32
146
143
149
68
166
70
68
157
106
93
148
160
40
93
158
156
136
189
88
158
126
38
149
38
145
110
145
128
4
131
194
121
149
149
180
149
158
162
81
157
193
149
125
93
116
70
88
149
2
165
47
47
158
137
154
88
70
131
68
91
63
21
59
166
160
71
131
88
30
45
136
149
70
89
88
37
194
158
37
71
83
25
60
145
193
131
95
60
29
162
45
95
193
146
73
105
97
158
142
151
158
108
115
137
96
177
110
68
110
157
128
147
149
166
149
171
130
76
88
76
152
148
149
65
144
91
66
35
117
144
126
164
66
119
149
166
184
15
158
29
38
69
68
113
132
130
131
158
36
149
158
97
160
80
71
141
147
149
75
121
162
97
174
194
131
76
166
110
119
191
88
136
42
81
38
122
5
122
149
71
153
69
136
81
106
151
137
130
137
76
21
149
22
113
6
109
96
38
131
122
153
149
23
72
158
85
158
124
88
68
123
88
115
38
70
96
66
137
115
149
157
32
29
96
132
136
174
11
21
81
96
131
83
119
48
68
81
78
186
153
146
158
144
23
80
39
160
65
121
193
60
145
27
158
48
5
83
160
71
177
162
152
111
16
122
160
132
149
69
120
96
155
128
122
17
147
59
111
38
136
160
89
149
183
160
66
88
157
68
93
131
171
172
29
111
129
174
128
136
111
132
160
160
138
97
119
88
147
9
177
135
132
174
171
88
171
147
80
30
113
140
174
137
162
147
29
71
126
158
73
177
180
149
83
5
123
146
193
166
183
21
11
88
104
158
123
113
149
40
100
18
152
41
136
149
76
47
162
97
158
147
31
154
119
135
72
83
27
190
162
111
72
123
136
147
36
190
48
117
132
177
135
145
164
101
131
157
149
69
149
38
147
101
80
131
5
30
88
130
126
162
131
158
192
16
88
36
38
72
48
97
88
158
177
115
165
142
161
183
52
131
150
88
88
131
166
169
106
11
109
159
135
10
115
22
89
58
120
72
195
96
162
100
177
70
21
149
68
166
104
137
72
131
168
72
132
16
138
83
160
128
144
95
177
144
5
126
112
145
174
106
38
128
72
126
69
126
180
149
154
88
88
149
131
140
109
96
181
126
59
160
58
166
38
68
148
38
122
71
129
155
192
148
100
137
85
144
158
91
144
52
160
88
30
148
115
115
162
38
88
70
137
21
172
21
76
174
149
27
5
59
146
161
154
117
162
16
76
69
158
59
5
40
69
5
148
113
57
161
94
174
81
149
147
152
149
130
56
60
38
137
88
131
171
68
193
68
177
68
135
109
149
145
142
75
109
76
104
68
23
193
174
117
155
5
59
149
149
25
81
110
131
174
84
39
153
149
29
162
88
45
6
56
169
191
157
119
130
38
47
149
132
196
137
192
29
113
88
38
128
15
126
153
5
88
110
37
169
69
41
96
33
132
113
18
193
33
56
174
23
71
116
104
23
132
68
37
87
88
38
131
112
71
105
47
126
71
88
158
122
158
23
88
148
20
120
80
29
69
122
88
162
140
148
144
91
111
149
160
157
158
128
115
174
177
158
95
149
149
60
149
132
149
101
37
131
153
149
110
88
147
87
147
131
130
174
2
97
148
38
136
149
95
132
100
149
162
88
136
136
71
147
147
93
88
23
73
147
83
166
58
23
37
37
149
171
68
96
115
175
70
131
75
38
111
158
29
71
63
149
60
1
126
33
193
140
72
183
158
148
126
39
158
126
42
122
128
111
160
59
100
93
109
121
145
83
72
18
152
149
88
158
27
162
29
113
76
146
158
88
158
88
149
137
162
69
149
189
185
53
8
119
83
21
81
115
115
69
146
137
181
130
140
144
88
111
136
83
71
65
146
76
161
73
35
88
29
83
119
132
123
148
38
69
76
27
149
66
149
130
144
115
166
88
190
135
2
72
166
137
122
153
5
177
162
51
96
55
83
21
69
137
158
138
111
140
149
121
111
162
147
135
157
196
18
115
32
53
128
6
21
133
76
131
171
88
145
196
21
147
88
27
72
37
118
38
83
160
57
149
29
132
38
131
131
63
6
158
97
93
193
110
84
23
160
122
15
70
38
160
131
83
149
18
175
140
38
88
178
163
9
88
192
123
157
142
88
148
51
112
145
117
149
56
88
157
32
147
96
2
69
76
71
111
65
81
156
158
72
117
132
6
96
71
132
128
72
131
130
126
196
72
177
153
135
136
60
177
126
68
161
115
133
83
16
35
177
166
81
115
29
191
129
136
115
160
93
38
30
158
72
52
60
112
136
131
162
164
136
15
29
56
158
110
113
93
85
81
181
194
96
126
195
146
126
115
53
29
109
68
149
85
38
158
38
160
132
23
69
126
71
76
104
149
49
105
80
193
148
70
122
168
169
149
21
147
88
131
149
162
105
138
88
193
43
149
158
50
171
137
88
149
38
194
153
135
72
117
96
137
15
30
72
136
69
196
111
81
38
129
29
186
161
37
5
147
97
113
76
73
131
186
126
158
84
128
162
149
140
88
130
186
108
100
70
37
137
149
70
38
69
72
17
81
140
18
48
194
126
117
140
146
88
149
111
121
58
76
29
195
166
132
160
154
162
65
18
149
104
27
132
48
131
126
95
126
88
174
74
186
144
93
193
111
120
70
76
29
88
177
21
82
132
81
17
93
112
88
91
130
148
83
140
154
135
88
148
76
131
110
183
169
88
16
148
160
119
76
176
108
75
47
144
131
109
122
88
158
123
105
196
175
117
60
177
76
117
158
149
108
88
194
68
131
9
166
70
82
21
70
119
82
5
149
115
160
109
130
131
132
96
130
23
140
65
113
188
189
131
147
149
194
128
85
161
23
115
15
158
81
68
27
80
133
191
166
128
88
74
158
88
135
191
30
80
149
69
160
148
84
138
76
128
76
83
147
88
131
149
151
88
115
138
153
132
158
104
104
106
78
147
158
158
83
185
38
124
39
171
164
5
88
52
131
126
29
82
88
30
13
191
138
117
88
160
159
193
27
157
112
158
131
88
5
33
19
181
147
88
149
81
158
88
155
160
123
21
113
46
166
133
32
132
158
69
140
29
113
59
191
37
163
136
153
145
147
153
38
162
140
115
147
68
96
115
111
132
122
145
39
126
29
6
38
130
183
148
88
158
38
122
169
131
30
104
18
45
153
157
131
96
155
166
48
128
177
131
93
88
29
153
128
115
196
193
149
137
53
67
149
124
32
117
125
68
98
100
142
76
164
160
88
6
11
68
153
18
5
146
76
175
1
85
76
76
26
136
85
80
60
119
162
148
191
2
115
33
140
128
97
162
149
38
132
123
147
135
72
67
85
30
166
71
142
149
111
149
149
91
137
187
95
96
95
88
70
138
88
119
71
80
186
146
132
130
76
158
115
112
21
71
100
88
126
18
38
100
147
181
192
132
122
28
7
132
131
160
74
72
183
122
194
15
113
158
75
88
15
1
78
135
171
88
38
37
